626.538 
513.717 
515.34 
507.306 
483.703 
486.082 
510.049 
510.943 
510.648 
511.697 
509.59 
514.839 
515.065 
516.118 
512.609 
518.422 
520.645 
520.827 
527.701 
533.868 
523.779 
518.231 
510.795 
515.675 
510.706 
512.487 
508.041 
511.005 
485.235 
514.493 
507.394 
521.218 
517.896 
514.885 
514.055 
516.671 
514.748 
513.674 
509.536 
512.181 
489.239 
513.808 
515.456 
525.137 
510.841 
512.726 
507.37 
513.54 
514.93 
519.647 
481.707 
485.455 
514.859 
519.303 
513.166 
511.919 
482.908 
482.977 
482.821 
516.301 
484.128 
484.511 
482.837 
485.813 
481.203 
481.486 
482.348 
483.452 
520.338 
512.437 
519.237 
528.504 
517.636 
512.977 
512.719 
510.87 
481.335 
516.974 
507.177 
484.57 
517.335 
481.402 
508.059 
513.621 
514.947 
514.83 
532.198 
541.458 
530.06 
531.577 
523.808 
526.361 
519.863 
525.164 
521.346 
532.224 
530.799 
537.631 
543.612 
552.174 
553.994 
564.196 
565.582 
572.763 
554.835 
551.536 
545.242 
561.962 
529.155 
527.766 
516.417 
519.011 
522.05 
521.448 
519.22 
521.486 
516.862 
518.606 
517.71 
522.387 
516.785 
518.289 
516.115 
517.852 
515.044 
512.333 
514.271 
516.459 
518.24 
522.131 
525.844 
525.607 
526.712 
530.001 
526.958 
529.929 
518.107 
521.409 
518.406 
527.307 
520.574 
521.628 
519.518 
523.398 
531.161 
528.172 
519.252 
