Angles: 0.004241386296408606  1.0630296912562225  1.0711779409903728  -0.003855956636461699  0.03522676193130239  0.006138567399580369  
Angles: 0.013142604728603118  1.1267705222596458  1.143311933903404  -0.006758921130750961  0.07148407600253785  0.01254824784386015  
Angles: 0.02632201957639045  1.1902103087719669  1.2151688670025567  -0.008670499812858772  0.10802775551784215  0.019112019699882757  
Angles: 0.0431675218352134  1.2523100131585911  1.2854755111081  -0.009588482912139634  0.14407538784736684  0.025702678116301413  
Angles: 0.06291078391825794  1.3120965138858094  1.3530330872957574  -0.009545861144257201  0.17888121944924423  0.032195003495506205  
Angles: 0.08472211186255589  1.368750137610614  1.4168245976977127  -0.008606162572790595  0.21180704246466733  0.03847766817360745  
Angles: 0.1078025408231272  1.421666494637575  1.476090600482219  -0.0068559631329673226  0.24237252926510178  0.04446216053966308  
Angles: 0.13145335182844975  1.470480674932099  1.5303596146843739  -0.00439602307593655  0.27027566303986506  0.05008709162333665  
Angles: 0.15511373115500973  1.5150545772034667  1.579434380087283  -0.0013326446384423997  0.2953841708736681  0.05531785464317199  
Angles: 0.178368551998224  1.5554382403511378  1.6233469301770844  0.002229503045025485  0.31770674208357624  0.06014288698567968  
Angles: 0.2009351710366492  1.591819613986833  1.6622995131177112  0.0061924713255030565  0.33735539817926186  0.06456826200972392  
Angles: 0.22263957471164147  1.6244749424536276  1.6966057329382565  0.010468014275464583  0.35450842334462995  0.06861210118663828