0.0 90.0
3.0 -0.0
4.242640687119285 45.0
4.242640687119285 135.0
4.242640687119285 225.0
4.242640687119285 -45.0
6.708203932499369 -26.56505117707799
6.708203932499369 26.56505117707799
8.48528137423857 45.0
6.0 90.0
8.48528137423857 135.0
6.0 180.0
8.48528137423857 225.0
6.0 -90.0
8.48528137423857 -45.0
10.816653826391969 -33.690067525979785
9.0 -0.0
10.816653826391969 33.690067525979785
12.727922061357855 45.0
9.486832980505138 71.56505117707799
9.486832980505138 108.43494882292201
12.727922061357855 135.0
9.486832980505138 161.56505117707798
9.486832980505138 198.43494882292202
12.727922061357855 225.0
9.486832980505138 251.56505117707798
9.486832980505138 -71.56505117707798
12.727922061357855 -45.0
15.0 -36.86989764584402
