0.0 90.0
1.6666666666666667 -0.0
3.2542706982944396 33.6704965083151
4.228704818788425 69.82642981583227
4.228704818788425 110.1735701841677
3.3071891388307386 160.89339464913087
2.500000000000001 239.99999999999997
3.6324157862838913 -36.586775553629494
5.511981898051228 19.106605350869103
6.705615391429617 66.17839069518271
6.705615391429619 113.82160930481733
5.728219618694806 169.10660535086907
5.000000000000005 239.99999999999991
6.009252125773311 -46.10211375198611
7.916666666666661 13.17355110725893
9.195031871130794 64.50158730401904
9.195031871130803 115.49841269598103
8.196798155377513 172.41091053102508
7.500000000000011 239.99999999999991
8.457409637576841 -50.1735701841678
10.366546087187258 10.022942314928272
11.68896678258794 63.5397467996058
11.688966782587954 116.4602532003943
10.680004681646931 174.1824743555564
10.000000000000012 239.9999999999999
10.929064207169983 -52.410910531025166
12.835768167291107 8.080360603570412
14.185037108790986 62.91627904531443
14.185037108791008 117.08372095468572
13.169567191065946 175.28499604605176
12.500000000000014 239.99999999999986
13.411230782859207 -53.82160930481746
15.314979957907546 6.765584344618219
16.68228434930631 62.47943115898597
16.682284349306343 117.52056884101422
15.662455107677115 176.0367650325502
15.000000000000018 239.99999999999986
15.898986690282394 -54.79128089714504
17.800007802744805 5.817525644443592
19.180248810806482 62.15635525212328
19.18024881080653 117.84364474787695
