0.0 90.0
3.0 -0.0
4.242640687119285 45.0
4.242640687119285 135.0
4.242640687119285 225.0
6.708203932499369 -26.56505117707799
8.48528137423857 45.0
6.708203932499369 116.56505117707799
8.48528137423857 135.0
6.708203932499369 206.56505117707798
8.48528137423857 225.0
6.708203932499369 -63.434948822922024
10.816653826391969 -33.690067525979785
9.486832980505138 18.43494882292201
12.727922061357855 45.0
9.0 90.0
12.727922061357855 135.0
9.0 180.0
12.727922061357855 225.0
9.0 -90.0
12.727922061357855 -45.0
15.0 -36.86989764584402
